X1 = -1.933333
X2 = -0.866667
X3 = -0.533333
X4 = 0.733333
