X1 = 0.896424
X2 = 0.765130
X3 = 0.614475
